0 55 chicago_joined zip
60647 60613       0.0537874898
60647 60642       0.0481026869
60647 60614          0.0514537
60647 60657        0.049561352
60647 60612       0.0432549055
60647 60622       0.0254694159
60647 60624       0.0454559693
60647 60651       0.0430856668
60647 60618       0.0255397717
60647 60639       0.0537407319
60647 60641       0.0513407795
60647 60625       0.0510565865
60639 60634       0.0558383986
60639 60624       0.0514035571
60639 60644       0.0401907445
60639 60651       0.0234113343
60639 60647       0.0537407319
60639 60641       0.0271817044
60639 60630       0.0513422958
60622 60654       0.0480727322
60622 60610       0.0472007236
60622 60606       0.0515586574
60622 60661       0.0454070435
60622 60607       0.0435452919
60622 60608       0.0560745199
60622 60613       0.0567195273
60622 60642       0.0259356681
60622 60614       0.0386119472
60622 60657       0.0460627437
60622 60612       0.0228804798
60622 60624       0.0450061634
60622 60651       0.0568738364
60622 60647       0.0254694159
60622 60618        0.047376385
60651 60612       0.0579796329
60651 60622       0.0568738364
60651 60624       0.0279922467
60651 60644        0.027582146
60651 60647       0.0430856668
60651 60639       0.0234113343
60651 60641       0.0441336387
60611 60654       0.0191701452
60611 60610       0.0211448836
60611 60606       0.0219948597
60611 60661       0.0277822372
60611 60607       0.0383834427
60611 60601      0.00841628862
60611 60603        0.015047973
60611 60604       0.0175881766
60611 60605       0.0273362673
60611 60616       0.0501744658
60611 60642       0.0406828877
60611 60614       0.0430407167
60638 60629       0.0583127146
60652 60655       0.0510901089
60652 60636       0.0523020426
60652 60629       0.0291467243
60626 60613        0.055414166
60626 60659       0.0392407444
60626 60640       0.0384592015
60626 60625       0.0502663418
60626 60660       0.0186062233
60626 60645       0.0253016329
60615 60616       0.0492953393
60615 60619       0.0579711967
60615 60649       0.0510719445
60615 60637       0.0208997262
60615 60653       0.0189238461
60615 60621       0.0446181364
60615 60609       0.0528765225
60621 60619       0.0472566687
60621 60637       0.0371094012
60621 60615       0.0446181364
60621 60653       0.0525672398
60621 60620       0.0388747008
60621 60636       0.0291460368
60621 60609       0.0394392988
60645 60659       0.0203682883
60645 60640        0.050179517
60645 60625        0.037391985
60645 60660       0.0333830219
60645 60626       0.0253016329
60643 60655       0.0431586499
60643 60628       0.0471733092
60643 60620       0.0428808818
60660 60613       0.0368107033
60660 60657       0.0518655731
60660 60618       0.0570866613
60660 60659       0.0374154862
60660 60640       0.0199407771
60660 60625       0.0414487362
60660 60626       0.0186062233
60660 60645       0.0333830219
60640 60613       0.0171498303
60640 60614       0.0500708275
60640 60657       0.0320690874
60640 60618       0.0489441777
60640 60659       0.0470676552
60640 60625       0.0428584968
60640 60660       0.0199407771
60640 60626       0.0384592015
60640 60645        0.050179517
60614 60654       0.0329863543
60614 60610       0.0229848577
60614 60606       0.0422369692
60614 60661       0.0403078914
60614 60607       0.0478361251
60614 60611       0.0430407167
60614 60601       0.0468264025
60614 60603       0.0494780136
60614 60604        0.050859068
60614 60613       0.0332305318
60614 60642       0.0223143365
60614 60657       0.0181682577
60614 60612        0.055740483
60614 60622       0.0386119472
60614 60647          0.0514537
60614 60618       0.0574535585
60614 60640       0.0500708275
60631 60634        0.049259458
60631 60656       0.0240171572
60631 60646       0.0511576795
60646 60641       0.0502793838
60646 60630       0.0226561024
60646 60631       0.0511576795
60628 60643       0.0471733092
60628 60619       0.0530792137
60625 60613       0.0471137825
60625 60657       0.0573251917
60625 60647       0.0510565865
60625 60618       0.0255168229
60625 60641       0.0505558401
60625 60659       0.0181506342
60625 60630       0.0543055845
60625 60640       0.0428584968
60625 60660       0.0414487362
60625 60626       0.0502663418
60625 60645        0.037391985
60641 60651       0.0441336387
60641 60647       0.0513407795
60641 60618       0.0441071512
60641 60639       0.0271817044
60641 60630       0.0278638043
60641 60625       0.0505558401
60641 60646       0.0502793838
60657 60654       0.0510828811
60657 60610       0.0405886829
60657 60613       0.0150788006
60657 60642       0.0383664752
60657 60614       0.0181682577
60657 60622       0.0460627437
60657 60647        0.049561352
60657 60618       0.0471000116
60657 60640       0.0320690874
60657 60625       0.0573251917
60657 60660       0.0518655731
60636 60620       0.0392844682
60636 60621       0.0291460368
60636 60652       0.0523020426
60636 60609       0.0390302572
60636 60629       0.0437917676
60636 60632       0.0574157914
60649 60617       0.0530924717
60649 60619       0.0397887112
60649 60637        0.037363869
60649 60615       0.0510719445
60617 60633       0.0523145489
60617 60649       0.0530924717
60633 60617       0.0523145489
60612 60623       0.0435334257
60612 60654       0.0514703564
60612 60610       0.0556743847
60612 60606       0.0505658475
60612 60661       0.0439064505
60612 60607       0.0366369714
60612 60608       0.0358415208
60612 60642       0.0358959061
60612 60614        0.055740483
60612 60622       0.0228804798
60612 60624       0.0358783229
60612 60651       0.0579796329
60612 60647       0.0432549055
60604 60654       0.0183201316
60604 60610       0.0281994169
60604 60606       0.0120881183
60604 60661       0.0185380725
60604 60607       0.0259071224
60604 60608       0.0541998828
60604 60611       0.0175881766
60604 60601      0.00924677659
60604 60603      0.00254129354
60604 60605       0.0116625235
60604 60616       0.0333938679
60604 60642       0.0400899426
60604 60614        0.050859068
60624 60623       0.0329636623
60624 60612       0.0358783229
60624 60622       0.0450061634
60624 60644       0.0342789849
60624 60651       0.0279922467
60624 60647       0.0454559693
60624 60639       0.0514035571
60656 60634       0.0348059286
60656 60631       0.0240171572
60644 60623       0.0516339921
60644 60624       0.0342789849
60644 60651        0.027582146
60644 60639       0.0401907445
60655 60643       0.0431586499
60655 60652       0.0510901089
60603 60654       0.0174437446
60603 60610       0.0266385778
60603 60606       0.0125829191
60603 60661       0.0192300209
60603 60607       0.0274191617
60603 60608       0.0564015008
60603 60611        0.015047973
60603 60601      0.00671195129
60603 60604      0.00254129354
60603 60605       0.0136011982
60603 60616       0.0357461863
60603 60642       0.0397658456
60603 60614       0.0494780136
60605 60654       0.0294647622
60605 60610       0.0398185966
60605 60606       0.0214195994
60605 60661       0.0266370683
60605 60607       0.0301810154
60605 60608       0.0523646786
60605 60611       0.0273362673
60605 60601       0.0191524662
60605 60603       0.0136011982
60605 60604       0.0116625235
60605 60616       0.0229035309
60605 60642       0.0499293482
60605 60653       0.0491376481
60653 60605       0.0491376481
60653 60616       0.0306459274
60653 60637        0.039215558
60653 60615       0.0189238461
60653 60621       0.0525672398
60653 60609       0.0455696675
60609 60608       0.0396027418
60609 60616       0.0430954201
60609 60615       0.0528765225
60609 60653       0.0455696675
60609 60621       0.0394392988
60609 60636       0.0390302572
60609 60632       0.0582933585
60618 60613       0.0436270078
60618 60614       0.0574535585
60618 60657       0.0471000116
60618 60622        0.047376385
60618 60647       0.0255397717
60618 60641       0.0441071512
60618 60659       0.0436668469
60618 60640       0.0489441777
60618 60625       0.0255168229
60618 60660       0.0570866613
60616 60654       0.0484314301
60616 60606       0.0388126378
60616 60661       0.0411692097
60616 60607       0.0380671818
60616 60608       0.0436859725
60616 60611       0.0501744658
60616 60601       0.0418712421
60616 60603       0.0357461863
60616 60604       0.0333938679
60616 60605       0.0229035309
60616 60615       0.0492953393
60616 60653       0.0306459274
60616 60609       0.0430954201
60601 60654       0.0173967964
60601 60610       0.0238887108
60601 60606       0.0163102855
60601 60661       0.0228251617
60601 60607       0.0324055206
60601 60611      0.00841628862
60601 60603      0.00671195129
60601 60604      0.00924677659
60601 60605       0.0191524662
60601 60616       0.0418712421
60601 60642       0.0402457347
60601 60614       0.0468264025
60608 60623       0.0459966866
60608 60654       0.0551576172
60608 60606       0.0480997812
60608 60661       0.0438061855
60608 60607       0.0326404944
60608 60603       0.0564015008
60608 60604       0.0541998828
60608 60605       0.0523646786
60608 60616       0.0436859725
60608 60642       0.0543357356
60608 60612       0.0358415208
60608 60622       0.0560745199
60608 60609       0.0396027418
60608 60632        0.056481144
60607 60654       0.0225191047
60607 60610       0.0327054145
60607 60606       0.0164026656
60607 60661       0.0112118606
60607 60608       0.0326404944
60607 60611       0.0383834427
60607 60601       0.0324055206
60607 60603       0.0274191617
60607 60604       0.0259071224
60607 60605       0.0301810154
60607 60616       0.0380671818
60607 60642       0.0277405428
60607 60614       0.0478361251
60607 60612       0.0366369714
60607 60622       0.0435452919
60661 60654       0.0113932475
60661 60610        0.022256861
60661 60606      0.00668192567
60661 60607       0.0112118606
60661 60608       0.0438061855
60661 60611       0.0277822372
60661 60601       0.0228251617
60661 60603       0.0192300209
60661 60604       0.0185380725
60661 60605       0.0266370683
60661 60616       0.0411692097
60661 60642       0.0237684392
60661 60614       0.0403078914
60661 60612       0.0439064505
60661 60622       0.0454070435
60606 60654      0.00977648499
60606 60610       0.0214949652
60606 60661      0.00668192567
60606 60607       0.0164026656
60606 60608       0.0480997812
60606 60611       0.0219948597
60606 60601       0.0163102855
60606 60603       0.0125829191
60606 60604       0.0120881183
60606 60605       0.0214195994
60606 60616       0.0388126378
60606 60642       0.0285478551
60606 60614       0.0422369692
60606 60612       0.0505658475
60606 60622       0.0515586574
60630 60634       0.0541826773
60630 60639       0.0513422958
60630 60641       0.0278638043
60630 60659       0.0570584138
60630 60625       0.0543055845
60630 60646       0.0226561024
60642 60654       0.0228645344
60642 60610       0.0214672537
60642 60606       0.0285478551
60642 60661       0.0237684392
60642 60607       0.0277405428
60642 60608       0.0543357356
60642 60611       0.0406828877
60642 60601       0.0402457347
60642 60603       0.0397658456
60642 60604       0.0400899426
60642 60605       0.0499293482
60642 60613       0.0529664512
60642 60614       0.0223143365
60642 60657       0.0383664752
60642 60612       0.0358959061
60642 60622       0.0259356681
60642 60647       0.0481026869
60659 60613       0.0567496543
60659 60618       0.0436668469
60659 60630       0.0570584138
60659 60640       0.0470676552
60659 60625       0.0181506342
60659 60660       0.0374154862
60659 60626       0.0392407444
60659 60645       0.0203682883
60634 60639       0.0558383986
60634 60630       0.0541826773
60634 60656       0.0348059286
60634 60631        0.049259458
60613 60610        0.055324553
60613 60642       0.0529664512
60613 60614       0.0332305318
60613 60657       0.0150788006
60613 60622       0.0567195273
60613 60647       0.0537874898
60613 60618       0.0436270078
60613 60659       0.0567496543
60613 60640       0.0171498303
60613 60625       0.0471137825
60613 60660       0.0368107033
60613 60626        0.055414166
60610 60654       0.0117331443
60610 60606       0.0214949652
60610 60661        0.022256861
60610 60607       0.0327054145
60610 60611       0.0211448836
60610 60601       0.0238887108
60610 60603       0.0266385778
60610 60604       0.0281994169
60610 60605       0.0398185966
60610 60613        0.055324553
60610 60642       0.0214672537
60610 60614       0.0229848577
60610 60657       0.0405886829
60610 60612       0.0556743847
60610 60622       0.0472007236
60654 60610       0.0117331443
60654 60606      0.00977648499
60654 60661       0.0113932475
60654 60607       0.0225191047
60654 60608       0.0551576172
60654 60611       0.0191701452
60654 60601       0.0173967964
60654 60603       0.0174437446
60654 60604       0.0183201316
60654 60605       0.0294647622
60654 60616       0.0484314301
60654 60642       0.0228645344
60654 60614       0.0329863543
60654 60657       0.0510828811
60654 60612       0.0514703564
60654 60622       0.0480727322
60632 60623       0.0368934359
60632 60608        0.056481144
60632 60636       0.0574157914
60632 60609       0.0582933585
60632 60629       0.0365244601
60623 60608       0.0459966866
60623 60612       0.0435334257
60623 60624       0.0329636623
60623 60644       0.0516339921
60623 60632       0.0368934359
60629 60652       0.0291467243
60629 60636       0.0437917676
60629 60632       0.0365244601
60629 60638       0.0583127146
60620 60643       0.0428808818
60620 60619       0.0485507477
60620 60621       0.0388747008
60620 60636       0.0392844682
60637 60619       0.0371101398
60637 60649        0.037363869
60637 60615       0.0208997262
60637 60653        0.039215558
60637 60621       0.0371094012
60619 60628       0.0530792137
60619 60649       0.0397887112
60619 60637       0.0371101398
60619 60615       0.0579711967
60619 60620       0.0485507477
60619 60621       0.0472566687
